20/05/24 18:03:00        3382.551        2526.410        5317.539  51.55  36.76       6789.744
20/05/24 18:04:00        3096.524        2862.372        5321.631  51.61  42.75       6789.801
20/05/24 18:05:00        2799.303        3187.863        5301.340  51.33  48.71       6789.902
20/05/24 18:06:00        2492.141        3501.494        5256.757  50.73  54.56       6790.045
20/05/24 18:07:00        2176.328        3801.919        5188.088  49.82  60.21       6790.232
20/05/24 18:08:00        1853.177        4087.842        5095.646  48.63  65.61       6790.459
20/05/24 18:09:00        1524.027        4358.018        4979.855  47.17  70.72       6790.724
20/05/24 18:10:00        1190.233        4611.264        4841.242  45.47  75.53       6791.026
20/05/24 18:11:00         853.159        4846.460        4680.442  43.56  80.02       6791.361
20/05/24 18:12:00         514.176        5062.556        4498.189  41.48  84.20       6791.727
20/05/24 18:13:00         174.656        5258.578        4295.318  39.23  88.10       6792.121
20/05/24 18:14:00        -164.035        5433.630        4072.754  36.84  91.73       6792.538
20/05/24 18:15:00        -500.543        5586.898        3831.519  34.34  95.12       6792.975
20/05/24 18:16:00        -833.529        5717.657        3572.714  31.73  98.29       6793.428
20/05/24 18:17:00       -1161.677        5825.274        3297.526  29.04 101.28       6793.893
20/05/24 18:18:00       -1483.696        5909.207        3007.215  26.27 104.09       6794.367
20/05/24 18:19:00       -1798.329        5969.014        2703.111  23.44 106.77       6794.845
20/05/24 18:20:00       -2104.355        6004.350        2386.609  20.56 109.31       6795.324
20/05/24 18:21:00       -2400.596        6014.972        2059.159  17.64 111.76       6795.799
20/05/24 18:22:00       -2685.918        6000.742        1722.265  14.68 114.11       6796.268
20/05/24 18:23:00       -2959.239        5961.625        1377.470  11.69 116.40       6796.727
20/05/24 18:24:00       -3219.534        5897.689        1026.357   8.68 118.63       6797.172
20/05/24 18:25:00       -3465.832        5809.110         670.537   5.66 120.82       6797.600
20/05/24 18:26:00       -3697.230        5696.167         311.642   2.63 122.99       6798.011
20/05/24 18:27:00       -3912.886        5559.244         -48.682  -0.41 125.14       6798.400
20/05/24 18:28:00       -4112.030        5398.827        -408.783  -3.45 127.29       6798.767
20/05/24 18:29:00       -4293.961        5215.504        -767.011  -6.48 129.46       6799.109
20/05/24 18:30:00       -4458.053        5009.960       -1121.723  -9.50 131.66       6799.426
20/05/24 18:31:00       -4603.754        4782.978       -1471.296 -12.50 133.91       6799.717
20/05/24 18:32:00       -4730.593        4535.435       -1814.130 -15.47 136.21       6799.981
20/05/24 18:33:00       -4838.173        4268.293       -2148.656 -18.42 138.58       6800.218
20/05/24 18:34:00       -4926.179        3982.606       -2473.347 -21.33 141.05       6800.429
20/05/24 18:35:00       -4994.376        3679.504       -2786.718 -24.19 143.62       6800.613
20/05/24 18:36:00       -5042.609        3360.197       -3087.341 -27.00 146.32       6800.772
20/05/24 18:37:00       -5070.802        3025.965       -3373.846 -29.74 149.17       6800.907
20/05/24 18:38:00       -5078.961        2678.156       -3644.926 -32.41 152.20       6801.018
20/05/24 18:39:00       -5067.168        2318.178       -3899.349 -34.98 155.42       6801.107
20/05/24 18:40:00       -5035.586        1947.493       -4135.958 -37.45 158.86       6801.177
20/05/24 18:41:00       -4984.452        1567.615       -4353.677 -39.80 162.54       6801.227
20/05/24 18:42:00       -4914.078        1180.099       -4551.519 -42.01 166.50       6801.259
20/05/24 18:43:00       -4824.850         786.535       -4728.587 -44.05 170.74       6801.276
20/05/24 18:44:00       -4717.224         388.547       -4884.077 -45.90 175.29       6801.278
20/05/24 18:45:00       -4591.724         -12.222       -5017.285 -47.54 180.15       6801.267
20/05/24 18:46:00       -4448.939        -414.109       -5127.609 -48.93 185.32       6801.244
20/05/24 18:47:00       -4289.523        -815.443       -5214.549 -50.06 190.76       6801.211
20/05/24 18:48:00       -4114.187       -1214.550       -5277.711 -50.90 196.45       6801.168
20/05/24 18:49:00       -3923.700       -1609.759       -5316.809 -51.42 202.31       6801.117
20/05/24 18:50:00       -3718.883       -1999.409       -5331.665 -51.62 208.26       6801.058
20/05/24 18:51:00       -3500.609       -2381.859       -5322.214 -51.50 214.23       6800.991
20/05/24 18:52:00       -3269.794       -2755.491       -5288.495 -51.04 220.12       6800.916
20/05/24 18:53:00       -3027.398       -3118.716       -5230.662 -50.27 225.85       6800.834
20/05/24 18:54:00       -2774.419       -3469.986       -5148.973 -49.21 231.36       6800.745
20/05/24 18:55:00       -2511.889       -3807.796       -5043.799 -47.87 236.59       6800.647
20/05/24 18:56:00       -2240.871       -4130.690       -4915.613 -46.29 241.52       6800.541
20/05/24 18:57:00       -1962.453       -4437.271       -4764.996 -44.48 246.14       6800.425
20/05/24 18:58:00       -1677.746       -4726.204       -4592.629 -42.48 250.46       6800.300
20/05/24 18:59:00       -1387.879       -4996.222       -4399.292 -40.31 254.48       6800.162
20/05/24 19:00:00       -1093.991       -5246.136       -4185.860 -37.99 258.22       6800.013
20/05/24 19:01:00        -797.234       -5474.831       -3953.304 -35.55 261.71       6799.851
20/05/24 19:02:00        -498.763       -5681.284       -3702.677 -32.99 264.98       6799.674
20/05/24 19:03:00        -199.733       -5864.555       -3435.121 -30.34 268.05       6799.481
20/05/24 19:04:00          98.706       -6023.803       -3151.852 -27.62 270.94       6799.273
20/05/24 19:05:00         395.412       -6158.285       -2854.159 -24.82 273.67       6799.048
20/05/24 19:06:00         689.254       -6267.357       -2543.402 -21.97 276.28       6798.803
20/05/24 19:07:00         979.121       -6350.485       -2220.998 -19.07 278.76       6798.542
20/05/24 19:08:00        1263.922       -6407.239       -1888.419 -16.13 281.16       6798.260
20/05/24 19:09:00        1542.592       -6437.305       -1547.187 -13.16 283.48       6797.961
20/05/24 19:10:00        1814.095       -6440.477       -1198.863 -10.16 285.73       6797.643
20/05/24 19:11:00        2077.429       -6416.664        -845.042  -7.14 287.94       6797.307
20/05/24 19:12:00        2331.627       -6365.893        -487.345  -4.11 290.12       6796.954
20/05/24 19:13:00        2575.767       -6288.303        -127.412  -1.07 292.27       6796.585
20/05/24 19:14:00        2808.966       -6184.152         233.105   1.97 294.43       6796.202
20/05/24 19:15:00        3030.390       -6053.809         592.552   5.00 296.59       6795.806
20/05/24 19:16:00        3239.256       -5897.757         949.279   8.03 298.78       6795.399
20/05/24 19:17:00        3434.833       -5716.593        1301.650  11.04 301.00       6794.984
20/05/24 19:18:00        3616.446       -5511.022        1648.045  14.04 303.27       6794.563
20/05/24 19:19:00        3783.475       -5281.855        1986.874  17.00 305.61       6794.140
20/05/24 19:20:00        3935.363       -5030.007        2316.583  19.94 308.04       6793.718
20/05/24 19:21:00        4071.611       -4756.491        2635.658  22.83 310.56       6793.299
20/05/24 19:22:00        4191.784       -4462.417        2942.635  25.67 313.21       6792.887
20/05/24 19:23:00        4295.511       -4148.985        3236.105  28.45 315.99       6792.487
20/05/24 19:24:00        4382.485       -3817.481        3514.725  31.16 318.94       6792.100
20/05/24 19:25:00        4452.464       -3469.269        3777.216  33.79 322.08       6791.732
20/05/24 19:26:00        4505.271       -3105.788        4022.377  36.32 325.42       6791.385
20/05/24 19:27:00        4540.797       -2728.546        4249.086  38.73 329.00       6791.063
20/05/24 19:28:00        4558.996       -2339.112        4456.305  41.01 332.84       6790.768
20/05/24 19:29:00        4559.888       -1939.109        4643.087  43.14 336.96       6790.506
20/05/24 19:30:00        4543.556       -1530.209        4808.578  45.09 341.39       6790.278
20/05/24 19:31:00        4510.150       -1114.126        4952.024  46.83 346.12       6790.086
20/05/24 19:32:00        4459.878        -692.605        5072.768  48.34 351.17       6789.933
20/05/24 19:33:00        4393.012        -267.419        5170.262  49.59 356.52       6789.822
20/05/24 19:34:00        4309.883         159.640        5244.060  50.57   2.12       6789.753
20/05/24 19:35:00        4210.879         586.769        5293.825  51.23   7.93       6789.726
20/05/24 19:36:00        4096.445        1012.163        5319.332  51.58  13.88       6789.744
20/05/24 19:37:00        3967.079        1434.018        5320.466  51.59  19.87       6789.807
20/05/24 19:38:00        3823.331        1850.543        5297.220  51.28  25.83       6789.913
20/05/24 19:39:00        3665.803        2259.967        5249.703  50.64  31.65       6790.062
20/05/24 19:40:00        3495.139        2660.544        5178.132  49.69  37.28       6790.253