20/05/24 18:03:00       0.530       0.396       0.834  51.55  36.76      1.065
20/05/24 18:04:00       0.485       0.449       0.834  51.61  42.75      1.065
20/05/24 18:05:00       0.439       0.500       0.831  51.33  48.71      1.065
20/05/24 18:06:00       0.391       0.549       0.824  50.73  54.56      1.065
20/05/24 18:07:00       0.341       0.596       0.813  49.82  60.21      1.065
20/05/24 18:08:00       0.291       0.641       0.799  48.63  65.61      1.065
20/05/24 18:09:00       0.239       0.683       0.781  47.17  70.72      1.065
20/05/24 18:10:00       0.187       0.723       0.759  45.47  75.53      1.065
20/05/24 18:11:00       0.134       0.760       0.734  43.56  80.02      1.065
20/05/24 18:12:00       0.081       0.794       0.705  41.48  84.20      1.065
20/05/24 18:13:00       0.027       0.824       0.673  39.23  88.10      1.065
20/05/24 18:14:00      -0.026       0.852       0.639  36.84  91.73      1.065
20/05/24 18:15:00      -0.078       0.876       0.601  34.34  95.12      1.065
20/05/24 18:16:00      -0.131       0.896       0.560  31.73  98.29      1.065
20/05/24 18:17:00      -0.182       0.913       0.517  29.04 101.28      1.065
20/05/24 18:18:00      -0.233       0.926       0.471  26.27 104.09      1.065
20/05/24 18:19:00      -0.282       0.936       0.424  23.44 106.77      1.065
20/05/24 18:20:00      -0.330       0.941       0.374  20.56 109.31      1.065
20/05/24 18:21:00      -0.376       0.943       0.323  17.64 111.76      1.065
20/05/24 18:22:00      -0.421       0.941       0.270  14.68 114.11      1.066
20/05/24 18:23:00      -0.464       0.935       0.216  11.69 116.40      1.066
20/05/24 18:24:00      -0.505       0.925       0.161   8.68 118.63      1.066
20/05/24 18:25:00      -0.543       0.911       0.105   5.66 120.82      1.066
20/05/24 18:26:00      -0.580       0.893       0.049   2.63 122.99      1.066
20/05/24 18:27:00      -0.613       0.872      -0.008  -0.41 125.14      1.066
20/05/24 18:28:00      -0.645       0.846      -0.064  -3.45 127.29      1.066
20/05/24 18:29:00      -0.673       0.818      -0.120  -6.48 129.46      1.066
20/05/24 18:30:00      -0.699       0.785      -0.176  -9.50 131.66      1.066
20/05/24 18:31:00      -0.722       0.750      -0.231 -12.50 133.91      1.066
20/05/24 18:32:00      -0.742       0.711      -0.284 -15.47 136.21      1.066
20/05/24 18:33:00      -0.759       0.669      -0.337 -18.42 138.58      1.066
20/05/24 18:34:00      -0.772       0.624      -0.388 -21.33 141.05      1.066
20/05/24 18:35:00      -0.783       0.577      -0.437 -24.19 143.62      1.066
20/05/24 18:36:00      -0.791       0.527      -0.484 -27.00 146.32      1.066
20/05/24 18:37:00      -0.795       0.474      -0.529 -29.74 149.17      1.066
20/05/24 18:38:00      -0.796       0.420      -0.571 -32.41 152.20      1.066
20/05/24 18:39:00      -0.794       0.363      -0.611 -34.98 155.42      1.066
20/05/24 18:40:00      -0.790       0.305      -0.648 -37.45 158.86      1.066
20/05/24 18:41:00      -0.781       0.246      -0.683 -39.80 162.54      1.066
20/05/24 18:42:00      -0.770       0.185      -0.714 -42.01 166.50      1.066
20/05/24 18:43:00      -0.756       0.123      -0.741 -44.05 170.74      1.066
20/05/24 18:44:00      -0.740       0.061      -0.766 -45.90 175.29      1.066
20/05/24 18:45:00      -0.720      -0.002      -0.787 -47.54 180.15      1.066
20/05/24 18:46:00      -0.698      -0.065      -0.804 -48.93 185.32      1.066
20/05/24 18:47:00      -0.673      -0.128      -0.818 -50.06 190.76      1.066
20/05/24 18:48:00      -0.645      -0.190      -0.827 -50.90 196.45      1.066
20/05/24 18:49:00      -0.615      -0.252      -0.834 -51.42 202.31      1.066
20/05/24 18:50:00      -0.583      -0.313      -0.836 -51.62 208.26      1.066
20/05/24 18:51:00      -0.549      -0.373      -0.834 -51.50 214.23      1.066
20/05/24 18:52:00      -0.513      -0.432      -0.829 -51.04 220.12      1.066
20/05/24 18:53:00      -0.475      -0.489      -0.820 -50.27 225.85      1.066
20/05/24 18:54:00      -0.435      -0.544      -0.807 -49.21 231.36      1.066
20/05/24 18:55:00      -0.394      -0.597      -0.791 -47.87 236.59      1.066
20/05/24 18:56:00      -0.351      -0.648      -0.771 -46.29 241.52      1.066
20/05/24 18:57:00      -0.308      -0.696      -0.747 -44.48 246.14      1.066
20/05/24 18:58:00      -0.263      -0.741      -0.720 -42.48 250.46      1.066
20/05/24 18:59:00      -0.218      -0.783      -0.690 -40.31 254.48      1.066
20/05/24 19:00:00      -0.172      -0.823      -0.656 -37.99 258.22      1.066
20/05/24 19:01:00      -0.125      -0.858      -0.620 -35.55 261.71      1.066
20/05/24 19:02:00      -0.078      -0.891      -0.581 -32.99 264.98      1.066
20/05/24 19:03:00      -0.031      -0.919      -0.539 -30.34 268.05      1.066
20/05/24 19:04:00       0.015      -0.944      -0.494 -27.62 270.94      1.066
20/05/24 19:05:00       0.062      -0.966      -0.447 -24.82 273.67      1.066
20/05/24 19:06:00       0.108      -0.983      -0.399 -21.97 276.28      1.066
20/05/24 19:07:00       0.154      -0.996      -0.348 -19.07 278.76      1.066
20/05/24 19:08:00       0.198      -1.005      -0.296 -16.13 281.16      1.066
20/05/24 19:09:00       0.242      -1.009      -0.243 -13.16 283.48      1.066
20/05/24 19:10:00       0.284      -1.010      -0.188 -10.16 285.73      1.066
20/05/24 19:11:00       0.326      -1.006      -0.132  -7.14 287.94      1.066
20/05/24 19:12:00       0.366      -0.998      -0.076  -4.11 290.12      1.066
20/05/24 19:13:00       0.404      -0.986      -0.020  -1.07 292.27      1.066
20/05/24 19:14:00       0.440      -0.970       0.037   1.97 294.43      1.066
20/05/24 19:15:00       0.475      -0.949       0.093   5.00 296.59      1.065
20/05/24 19:16:00       0.508      -0.925       0.149   8.03 298.78      1.065
20/05/24 19:17:00       0.539      -0.896       0.204  11.04 301.00      1.065
20/05/24 19:18:00       0.567      -0.864       0.258  14.04 303.27      1.065
20/05/24 19:19:00       0.593      -0.828       0.312  17.00 305.61      1.065
20/05/24 19:20:00       0.617      -0.789       0.363  19.94 308.04      1.065
20/05/24 19:21:00       0.638      -0.746       0.413  22.83 310.56      1.065
20/05/24 19:22:00       0.657      -0.700       0.461  25.67 313.21      1.065
20/05/24 19:23:00       0.673      -0.650       0.507  28.45 315.99      1.065
20/05/24 19:24:00       0.687      -0.599       0.551  31.16 318.94      1.065
20/05/24 19:25:00       0.698      -0.544       0.592  33.79 322.08      1.065
20/05/24 19:26:00       0.706      -0.487       0.631  36.32 325.42      1.065
20/05/24 19:27:00       0.712      -0.428       0.666  38.73 329.00      1.065
20/05/24 19:28:00       0.715      -0.367       0.699  41.01 332.84      1.065
20/05/24 19:29:00       0.715      -0.304       0.728  43.14 336.96      1.065
20/05/24 19:30:00       0.712      -0.240       0.754  45.09 341.39      1.065
20/05/24 19:31:00       0.707      -0.175       0.776  46.83 346.12      1.065
20/05/24 19:32:00       0.699      -0.109       0.795  48.34 351.17      1.065
20/05/24 19:33:00       0.689      -0.042       0.811  49.59 356.52      1.065
20/05/24 19:34:00       0.676       0.025       0.822  50.57   2.12      1.065
20/05/24 19:35:00       0.660       0.092       0.830  51.23   7.93      1.065
20/05/24 19:36:00       0.642       0.159       0.834  51.58  13.88      1.065
20/05/24 19:37:00       0.622       0.225       0.834  51.59  19.87      1.065
20/05/24 19:38:00       0.599       0.290       0.831  51.28  25.83      1.065
20/05/24 19:39:00       0.575       0.354       0.823  50.64  31.65      1.065
20/05/24 19:40:00       0.548       0.417       0.812  49.69  37.28      1.065