7661.7663463895105
7661.734186271834
7661.677201794699
7661.596522976781
7661.491023752746
7661.362963705749
7661.213474417648
7661.043123708307
7660.854171810721
7660.647750792736
7660.425556651414
7660.190412844684
7659.944014392655
7659.6886195841425
7659.426485918273
7659.159306394635
7658.889900504022
7658.619959518548
7658.352300921612
7658.088050806928
7657.82946150633
7657.57878446837
7657.337707079944
7657.106226624296
7656.887156186254
7656.680492572867
7656.487921924385
7656.309441052558
7656.145609978043
7655.996988823129
7655.863574931396
7655.744803031503
7655.6412339435265
7655.551740127898
7655.475757276361
7655.413284182162
7655.363194247443
7655.323798360345
7655.295658813362
7655.277649666142
7655.268082358377
7655.266956795116
7655.273147399196
7655.286091438076
7655.304663434635
7655.328863511756
7655.357566226334
7655.390771730305
7655.428480199444
7655.470691833368
7655.516844018856
7655.566936969702
7655.622096637378
7655.681760477363
7655.747054580097
7655.817416474736
7655.89509825963
7655.978974725814
7656.070172401096
7656.169818031308
7656.27847561043
7656.395583258838
7656.5222682560825
7656.660221294039
7656.807191713454
7656.96599685159
7657.13438614208
7657.313487946774
7657.502741245014
7657.701584975029
7657.909458012208
7658.125235736411
7658.348356688955
7658.577695769071
7658.811563958962
7659.048835268654
7659.287255968855
7659.52513521482
7659.761345305558
7659.9936304756375
7660.219170277546
7660.437398998578
7660.644930949004
7660.840635495038
7661.022253707419
7661.188654401789
7661.33644987288
7661.465072739844
7661.573391757852
7661.659711764653
7661.722337909512
7661.76126844927
7661.776502300281
7661.7663463895105
7661.730801019848
7661.670995641295
7661.586931958142
7661.47917651849
7661.47917651849