6789.744
6789.801
6789.902
6790.045
6790.232
6790.459
6790.724
6791.026
6791.361
6791.727
6792.121
6792.538
6792.975
6793.428
6793.893
6794.367
6794.845
6795.324
6795.799
6796.268
6796.727
6797.172
6797.600
6798.011
6798.400
6798.767
6799.109
6799.426
6799.717
6799.981
6800.218
6800.429
6800.613
6800.772
6800.907
6801.018
6801.107
6801.177
6801.227
6801.259
6801.276
6801.278
6801.267
6801.244
6801.211
6801.168
6801.117
6801.058
6800.991
6800.916
6800.834
6800.745
6800.647
6800.541
6800.425
6800.300
6800.162
6800.013
6799.851
6799.674
6799.481
6799.273
6799.048
6798.803
6798.542
6798.260
6797.961
6797.643
6797.307
6796.954
6796.585
6796.202
6795.806
6795.399
6794.984
6794.563
6794.140
6793.718
6793.299
6792.887
6792.487
6792.100
6791.732
6791.385
6791.063
6790.768
6790.506
6790.278
6790.086
6789.933
6789.822
6789.753
6789.726
6789.744
6789.807
6789.913
6790.062
6790.253
